[13 0 0 0 3 83 69 76 69 67 84 32 78 79 87 40 41]

--------------------------------
SELECT NOW()

--------------------------------
2017/09/03 11:38:11 isQuery ID 10.12.5.5:58778@10.31.82.39:3306 SELECT NOW()
[1 0 0 1 1 27 0 0 2 3 100 101 102 0 0 0 5 78 79 87 40 41 0 12 63 0 19 0 0 0 12 129 0 0 0 0 5 0 0 3 254 0 0 2 0 20 0 0 4 19 50 48 49 55 45 48 57 45 48 51 32 49 49 58 51 56 58 48 57 5 0 0 5 254 0 0 2 0]

--------------------------------
efNOW()
       ?
        ??2017-09-03 11:38:09?

--------------------------------





[13 0 0 0 3 83 69 76 69 67 84 32 39 97 97 97 39]

--------------------------------
SELECT 'aaa'

--------------------------------
2017/09/03 11:39:38 isQuery ID 10.12.5.5:58778@10.31.82.39:3306 SELECT 'aaa'
[1 0 0 1 1 25 0 0 2 3 100 101 102 0 0 0 3 97 97 97 0 12 33 0 9 0 0 0 253 1 0 31 0 0 5 0 0 3 254 0 0 2 0 4 0 0 4 3 97 97 97 5 0 0 5 254 0 0 2 0]
[1 0 0 1 1 25 0 0 2 3 100 101 102 0 0 0 3 97 97 97 0 12 33 0 9 0 0 0 253 1 0 31 0 0 5 0 0 3 254 0 0 2 0 4 0 0 4 3 97 97 97 5 0 0 5 254 0 0 2 0]

--------------------------------
defaaa
      !	??aaa?

--------------------------------

[1 0 0 1 1 25 0 0 2 3 100 101 102 0 0 0 3 97 97 97 0 12 33 0 9 0 0 0 253 1 0 31 0 0 5 0 0 3 254 0 0 2 0 4 0 0 4 3 97 97 97 5 0 0 5 254 0 0 2 0]
[1 0 0 1 1 25 0 0 2 3 100 101 102 0 0 0 3 97 97 97 0 12 33 0 9 0 0 0 253 1 0 31 0 0 5     3 254 0 0 2 0 4 0 0 4 3 97 97 97 5 0 0 5 254 0 0 2 0]


-len-- s c                              l ----column------                      t                                                         l -value--------------------------------------------------
[1 0 0 1 1 25 0 0 2 3 100 101 102 0 0 0 3 97 97 97 0 (15)   12 33 0  9 0 0 0  253    1   0 (25) 31     0 0 5  0 0   3 254   0 0 2 0  4 0 0 4   3 97 97 97                                                 5 0 0 5 254 0 0 2 0]
[1 0 0 1 1 26 0 0 2 3 100 101 102 0 0 0 4 99 111 108 49 0   12 33 0  9 0 0 0  253    1   0 (26) 31     0 0 5  0 0   3 254   0 0 2 0  4 0 0 4   3 97 97 97                                                 5 0 0 5 254 0 0 2 0]
[1 0 0 1 1 27 0 0 2 3 100 101 102 0 0 0 5 78 79 87 40 41 0  12 63 0 19 0 0 0   12  129   0 (27)  0     0 0 5  0 0   3 254   0 0 2 0 20 0 0 4  19 50 48 49 55 45 48 57 45 48 51 32 49 49 58 51 56 58 48 57 5 0 0 5 254 0 0 2 0]
                                                            12 63 0 11 0 0 0    3    3  80       0     0 0 47 0 0   3   3 100
[1 0 0 1 3 55 0 0 2 3 100 101 102
    5 97 100 109 105 110
    6 97 100 109 105 110 115
    6 97 100 109 105 110 115
    8 97 100 109 105 110 95 105 100
    8 97 100 109 105 110 95 105 100

    12 63 0 11 0 0 0

    3 3 80 0 0 0 47 0 0
    3 3 100 101 102

    5 97 100 109 105 110
    6 97 100 109 105 110 115
    6 97 100 109 105 110 115
    4 100 97 116 97
    4 100 97 116 97

    12 33 0 253 255 2 0

    252 17 16 0 0 0 61 0 0 4 3 100 101 102 5 97 100 109 105 110 6 97 100 109 105 110 115 6 97 100 109 105 110 115 11 100 97 116 101 95 117 112 100 97 116 101 11 100 97 116 101 95 117 112 100 97 116 101 12 63 0 19 0 0 0 7 129 36 0 0 0 5 0 0 5 254 0 0 34 0 34 1 0 6 3 54 48 57 252 7 1 123 34 100 97 116 97 34 58 123 34 97 100 109 105 110 95 105 100 34 58 54 48 57 44 34 108 111 103 105 110 34 58 34 102 97 98 114 105 107 97 110 116 34 44 34 108 97 115 116 95 110 97 109 101 34 58 34 208 144 208 178 208 176 208 186 208 190 208 178 34 44 34 102 105 114 115 116 95 110 97 109 101 34 58 34 208 146 208 176 208 187 209 140 209 130 208 181 209 128 34 44 34 109 105 100 95 110 97 109 101 34 58 34 208 146 208 176 208 179 208 176 208 189 208 190 208 178 208 184 209 135 34 44 34 101 109 97 105 108 34 58 34 119 97 108 116 101 114 64 102 97 98 114 105 107 97 110 116 46 114 117 34 44 34 112 104 111 110 101 34 58 34 34 44 34 98 105 114 116 104 100 97 121 95 100 97 116 101 34 58 110 117 108 108 44 34 106 111 105 110 101 100 95 100 97 116 101 34 58 110 117 108 108 44 34 115 116 97 116 117 115 34 58 49 44 34 100 97 116 101 95 117 112 100 97 116 101 100 34 58 34 50 48 49 54 45 48 56 45 50 57 32 49 49 58 53 55 58 53 54 34 125 125 19 50 48 49 54 45 48 56 45 50 57 32 49 50 58 48 48 58 48 49 24 1 0 7 3 54 49 48 252 253 0 123 34 100 97 116 97 34 58 123 34 97 100 109 105 110 95 105 100 34 58 54 49 48 44 34 108 111 103 105 110 34 58 34 112 101 116 114 34 44 34 108 97 115 116 95 110 97 109 101 34 58 34 208 169 209 131 209 135 208 186 208 184 208 189 34 44 34 102 105 114 115 116 95 110 97 109 101 34 58 34 208 159 209 145 209 130 209 128 34 44 34 109 105 100 95 110 97 109 101 34 58 34 208 157 208 184 208 186 208 190 208 187 208 176 208 181 208 178 208 184 209 135 34 44 34 101 109 97 105 108 34 58 34 112 101 116 114 64 116 114 105 117 109 118 105 114 97 116 46 114 117 34 44 34 112 104 111 110 101 34 58 34 34 44 34 98 105 114 116 104 100 97 121 95 100 97 116 101 34 58 110 117 108 108 44 34 106 111 105 110 101 100 95 100 97 116 101 34 58 110 117 108 108 44 34 115 116 97 116 117 115 34 58 49 44 34 100 97 116 101 95 117 112 100 97 116 101 100 34 58 34 50 48 49 54 45 48 56 45 50 57 32 49 49 58 53 55 58 53 54 34 125 125 19 50 48 49 54 45 48 56 45 50 57 32 49 50 58 48 48 58 48 49 5 0 0 8 254 0 0 34 0]





[21 0 0 0 3 83 69 76 69 67 84 32 39 97 97 97 39 32 97 115 32 99 111 108 49]

--------------------------------
SELECT 'aaa' as col1

--------------------------------
2017/09/03 11:40:02 isQuery ID 10.12.5.5:58778@10.31.82.39:3306 SELECT 'aaa' as col1
[1 0 0 1 1 26 0 0 2 3 100 101 102 0 0 0 4 99 111 108 49 0 12 33 0 9 0 0 0 253 1 0 31 0 0 5 0 0 3 254 0 0 2 0 4 0 0 4 3 97 97 97 5 0 0 5 254 0 0 2 0]

--------------------------------
defcol1
       !	??aaa?

--------------------------------




[21 0 0 0 3 83 69 76 69 67 84 32 39 97 97 97 39 32 97 115 32 99 111 108 49]

--------------------------------
SELECT 'aaa' as col1

--------------------------------
2017/09/03 11:40:22 isQuery ID 10.12.5.5:58778@10.31.82.39:3306 SELECT 'aaa' as col1
[1 0 0 1 1 26 0 0 2 3 100 101 102 0 0 0 4 99 111 108 49 0 12 33 0 9 0 0 0 253 1 0 31 0 0 5 0 0 3 254 0 0 2 0 4 0 0 4 3 97 97 97 5 0 0 5 254 0 0 2 0]

--------------------------------
defcol1
       !	??aaa?

--------------------------------













[15 0 0 0 3 115 104 111 119 32 100 97 116 97 98 97 115 101 115]

--------------------------------
show databases

--------------------------------
2017/09/03 11:40:50 isQuery ID 10.12.5.5:58778@10.31.82.39:3306 show databases
[1 0 0 1 1 75 0 0 2 3 100 101 102 18 105 110 102 111 114 109 97 116 105 111 110 95 115 99 104 101 109 97 8 83 67 72 69 77 65 84 65 8 83 67 72 69 77 65 84 65 8 68 97 116 97 98 97 115 101 11 83 67 72 69 77 65 95 78 65 77 69 12 33 0 192 0 0 0 253 1 0 0 0 0 5 0 0 3 254 0 0 34 0 19 0 0 4 18 105 110 102 111 114 109 97 116 105 111 110 95 115 99 104 101 109 97 22 0 0 5 21 97 99 99 114 101 100 105 116 97 116 105 111 110 95 97 100 109 105 110 50 48 19 0 0 6 18 97 99 99 114 101 100 105 116 97 116 105 111 110 95 115 105 116 101 6 0 0 7 5 97 100 109 105 110 18 0 0 8 17 97 102 97 98 114 95 108 111 103 115 95 50 48 49 53 48 54 18 0 0 9 17 97 102 97 98 114 95 108 111 103 115 95 50 48 49 53 48 55 18 0 0 10 17 97 102 97 98 114 95 108 111 103 115 95 50 48 49 53 48 56 18 0 0 11 17 97 102 97 98 114 95 108 111 103 115 95 50 48 49 53 48 57 18 0 0 12 17 97 102 97 98 114 95 108 111 103 115 95 50 48 49 53 49 48 18 0 0 13 17 97 102 97 98 114 95 108 111 103 115 95 50 48 49 53 49 49 18 0 0 14 17 97 102 97 98 114 95 108 111 103 115 95 50 48 49 53 49 50 18 0 0 15 17 97 102 97 98 114 95 108 111 103 115 95 50 48 49 54 48 49 18 0 0 16 17 97 102 97 98 114 95 108 111 103 115 95 50 48 49 54 48 50 18 0 0 17 17 97 102 97 98 114 95 108 111 103 115 95 50 48 49 54 48 51 18 0 0 18 17 97 102 97 98 114 95 108 111 103 115 95 50 48 49 54 48 52 18 0 0 19 17 97 102 97 98 114 95 108 111 103 115 95 50 48 49 54 48 53 18 0 0 20 17 97 102 97 98 114 95 108 111 103 115 95 50 48 49 54 48 54 18 0 0 21 17 97 102 97 98 114 95 108 111 103 115 95 50 48 49 54 48 55 18 0 0 22 17 97 102 97 98 114 95 108 111 103 115 95 50 48 49 54 48 56 18 0 0 23 17 97 102 97 98 114 95 108 111 103 115 95 50 48 49 54 48 57 18 0 0 24 17 97 102 97 98 114 95 108 111 103 115 95 50 48 49 54 49 48 18 0 0 25 17 97 102 97 98 114 95 108 111 103 115 95 50 48 49 54 49 49 18 0 0 26 17 97 102 97 98 114 95 108 111 103 115 95 50 48 49 54 49 50 18 0 0 27 17 97 102 97 98 114 95 108 111 103 115 95 50 48 49 55 48 49 18 0 0 28 17 97 102 97 98 114 95 108 111 103 115 95 50 48 49 55 48 50 18 0 0 29 17 97 102 97 98 114 95 108 111 103 115 95 50 48 49 55 48 51 18 0 0 30 17 97 102 97 98 114 95 108 111 103 115 95 50 48 49 55 48 52 18 0 0 31 17 97 102 97 98 114 95 108 111 103 115 95 50 48 49 55 48 53 18 0 0 32 17 97 102 97 98 114 95 108 111 103 115 95 50 48 49 55 48 54 18 0 0 33 17 97 102 97 98 114 95 108 111 103 115 95 50 48 49 55 48 55 18 0 0 34 17 97 102 97 98 114 95 108 111 103 115 95 50 48 49 55 48 56 18 0 0 35 17 97 102 97 98 114 95 108 111 103 115 95 50 48 49 55 48 57 18 0 0 36 17 97 102 97 98 114 95 108 111 103 115 95 50 48 49 55 49 48 18 0 0 37 17 97 102 97 98 114 95 108 111 103 115 95 50 48 49 55 49 49 18 0 0 38 17 97 102 97 98 114 95 108 111 103 115 95 50 48 49 55 49 50 18 0 0 39 17 97 102 97 98 114 95 108 111 103 115 95 50 48 49 56 48 49 18 0 0 40 17 97 102 97 98 114 95 108 111 103 115 95 50 48 49 56 48 50 18 0 0 41 17 97 102 97 98 114 95 108 111 103 115 95 50 48 49 56 48 51 18 0 0 42 17 97 102 97 98 114 95 108 111 103 115 95 50 48 49 56 48 52 18 0 0 43 17 97 102 97 98 114 95 108 111 103 115 95 50 48 49 56 48 53 18 0 0 44 17 97 102 97 98 114 95 108 111 103 115 95 50 48 49 56 48 54 26 0 0 45 25 97 103 114 101 101 109 101 110 116 95 114 101 103 105 115 116 114 121 95 101 120 112 111 114 116 7 0 0 46 6 97 112 99 111 110 116 12 0 0 47 11 97 112 99 111 110 116 95 110 101 119 115 12 0 0 48 11 97 116 111 109 95 101 120 112 111 114 116 17 0 0 49 16 97 116 111 109 95 101 120 112 111 114 116 95 116 101 115 116 21 0 0 50 20 97 116 116 114 97 99 116 95 112 97 114 116 105 99 105 112 97 110 116 115 16 0 0 51 15 98 97 110 107 95 103 117 97 114 97 110 116 101 101 115 14 0 0 52 13 98 105 103 98 117 121 95 101 120 112 111 114 116 17 0 0 53 16 98 105 103 98 117 121 95 112 117 114 99 104 97 115 101 115 13 0 0 54 12 99 101 114 116 95 109 97 110 97 103 101 114 12 0 0 55 11 99 108 97 115 115 105 102 105 101 114 115 15 0 0 56 14 99 111 109 112 97 110 121 95 103 114 111 117 112 115 14 0 0 57 13 99 114 121 112 116 111 95 99 111 109 109 111 110 18 0 0 58 17 99 114 121 112 116 111 95 115 105 103 110 95 113 117 101 117 101 18 0 0 59 17 100 105 103 105 116 97 108 95 115 105 103 110]

--------------------------------
Kdefinformation_schemSCHEMATSCHEMATDatabase
                                           SCHEMA_NAME
                                                      !???"information_schemaaccreditation_admin20accreditation_siteadmiafabr_logs_201506	afabr_logs_201507
afabr_logs_201508
                 afabr_logs_201509
afabr_logs_201511afabr_logs_201512afabr_logs_201601afabr_logs_201602afabr_logs_201603afabr_logs_201604afabr_logs_201605afabr_logs_201606afabr_logs_201607afabr_logs_201608afabr_logs_201609afabr_logs_201610afabr_logs_201611afabr_logs_201612fabr_logs_201701afabr_logs_201702afabr_logs_201703afabr_logs_201704afabr_logs_201705 afabr_logs_201706!afabr_logs_201707"afabr_logs_201708#afabr_logs_201709$afabr_logs_201710%afabr_logs_201711&afabr_logs_201712'afabr_logs_201801(afabr_logs_201802)afabr_logs_201803*afabr_logs_201804+afabr_logs_201805,afabr_logs_201806-agreement_registry_export.apcont
                                                                                                                                                                                     /
                                                                                                                                                                                      apcont_news
                                                                                                                                                                                                 0
                                                                                                                                                                                                  atom_expor6igbuy_export5bigbuy_purchasesticipants3bank_guarantees4
 cert_manager
             7
crypto_common:crypto_sign_queue;digital_sign

--------------------------------
[97 116 117 114 101 12 0 0 60 11 101 118 101 110 116 115 95 102 97 98 114 28 0 0 61 27 101 120 99 104 97 110 103 101 95 112 114 105 118 97 116 101 95 112 114 101 102 101 114 101 110 99 101 30 0 0 62 29 101 120 99 104 97 110 103 101 95 112 114 105 118 97 116 101 95 112 114 101 102 101 114 101 110 99 101 95 49 18 0 0 63 17 101 120 112 111 114 116 95 99 111 110 116 114 97 99 116 50 48 22 0 0 64 21 102 101 100 114 101 115 117 114 115 95 105 110 116 101 103 114 97 116 105 111 110 6 0 0 65 5 102 114 111 110 116 4 0 0 66 3 103 101 111 12 0 0 67 11 103 101 111 95 102 105 97 115 95 100 98 9 0 0 68 8 105 110 102 111 99 97 114 100 16 0 0 69 15 105 110 116 101 103 114 97 116 105 111 110 45 111 111 115 12 0 0 70 11 109 97 105 108 95 98 114 111 107 101 114 15 0 0 71 14 109 97 105 108 95 116 101 109 112 108 97 116 101 115 17 0 0 72 16 109 101 100 97 108 115 95 101 120 99 104 97 110 103 101 114 9 0 0 73 8 109 115 112 95 105 110 102 111 6 0 0 74 5 109 121 115 113 108 15 0 0 75 14 111 107 101 105 95 101 120 99 104 97 110 103 101 114 14 0 0 76 13 111 111 115 45 100 105 114 101 99 116 111 114 121 20 0 0 77 19 111 111 115 45 112 117 114 99 104 97 115 101 45 105 109 112 111 114 116 13 0 0 78 12 111 111 115 95 112 97 115 115 112 111 114 116 9 0 0 79 8 112 97 115 115 112 111 114 116 19 0 0 80 18 112 101 114 102 111 114 109 97 110 99 101 95 115 99 104 101 109 97 16 0 0 81 15 112 101 114 115 111 110 97 108 95 99 111 109 109 111 110 17 0 0 82 16 112 101 114 115 111 110 97 108 95 115 104 97 114 100 95 49 17 0 0 83 16 112 101 114 115 111 110 97 108 95 115 104 97 114 100 95 50 35 0 0 84 34 112 104 112 95 117 110 105 116 95 97 103 114 101 101 109 101 110 116 95 114 101 103 105 115 116 114 121 95 101 120 112 111 114 116 14 0 0 85 13 112 108 97 110 95 112 117 114 99 104 97 115 101 14 0 0 86 13 112 111 108 105 99 121 95 108 111 103 115 95 49 15 0 0 87 14 112 111 108 105 99 121 95 108 111 103 115 95 49 48 15 0 0 88 14 112 111 108 105 99 121 95 108 111 103 115 95 49 49 15 0 0 89 14 112 111 108 105 99 121 95 108 111 103 115 95 49 50 15 0 0 90 14 112 111 108 105 99 121 95 108 111 103 115 95 49 51 15 0 0 91 14 112 111 108 105 99 121 95 108 111 103 115 95 49 52 15 0 0 92 14 112 111 108 105 99 121 95 108 111 103 115 95 49 53 15 0 0 93 14 112 111 108 105 99 121 95 108 111 103 115 95 49 54 15 0 0 94 14 112 111 108 105 99 121 95 108 111 103 115 95 49 55 15 0 0 95 14 112 111 108 105 99 121 95 108 111 103 115 95 49 56 15 0 0 96 14 112 111 108 105 99 121 95 108 111 103 115 95 49 57 14 0 0 97 13 112 111 108 105 99 121 95 108 111 103 115 95 50 15 0 0 98 14 112 111 108 105 99 121 95 108 111 103 115 95 50 48 15 0 0 99 14 112 111 108 105 99 121 95 108 111 103 115 95 50 49 15 0 0 100 14 112 111 108 105 99 121 95 108 111 103 115 95 50 50 15 0 0 101 14 112 111 108 105 99 121 95 108 111 103 115 95 50 51 15 0 0 102 14 112 111 108 105 99 121 95 108 111 103 115 95 50 52 15 0 0 103 14 112 111 108 105 99 121 95 108 111 103 115 95 50 53 15 0 0 104 14 112 111 108 105 99 121 95 108 111 103 115 95 50 54 15 0 0 105 14 112 111 108 105 99 121 95 108 111 103 115 95 50 55 15 0 0 106 14 112 111 108 105 99 121 95 108 111 103 115 95 50 56 15 0 0 107 14 112 111 108 105 99 121 95 108 111 103 115 95 50 57 14 0 0 108 13 112 111 108 105 99 121 95 108 111 103 115 95 51 15 0 0 109 14 112 111 108 105 99 121 95 108 111 103 115 95 51 48 15 0 0 110 14 112 111 108 105 99 121 95 108 111 103 115 95 51 49 15 0 0 111 14 112 111 108 105 99 121 95 108 111 103 115 95 51 50 14 0 0 112 13 112 111 108 105 99 121 95 108 111 103 115 95 52 14 0 0 113 13 112 111 108 105 99 121 95 108 111 103 115 95 53 14 0 0 114 13 112 111 108 105 99 121 95 108 111 103 115 95 54 14 0 0 115 13 112 111 108 105 99 121 95 108 111 103 115 95 55 14 0 0 116 13 112 111 108 105 99 121 95 108 111 103 115 95 56 14 0 0 117 13 112 111 108 105 99 121 95 108 111 103 115 95 57 20 0 0 118 19 112 111 108 105 99 121 95 108 111 103 115 95 97 114 99 104 105 118 101 22 0 0 119 21 112 111 108 105 99 121 95 108 111 103 115 95 101 120 99 104 97 110 103 101 114 22 0 0 120 21 112 114 111 99 101 100 117 114 101 49 53 95 101 120 99 104 97 110 103 101 114 12 0 0 121 11 112 114 111 99 101 100 117 114 101 50 48 24 0 0 122 23 112 114 111 99 101 100 117 114 101 95 97 99 99 114 101 100 105 116 97 116 105 111 110 19 0 0 123 18 112 114 111 99 101 100 117 114 101 95 97 103 114 101 103 97 116 101 17 0 0 124 16 112 114 111 99 101 100 117 114 101 95 99 111 109 109 111]

--------------------------------
ature
     <
      events_fabr=xchange_private_preference>exchange_private_preference_1?export_contract20@fedresurs_integrationAfrontBgeo
                                                                                                                            C
                                                                                                                             geo_fias_db	infocardEintegration-oos
                                                                                                                                                                        F
                                                                                                                                                                         mail_brokerGmail_templatesHmedals_eNos-directoryMoos-purchase-importei_exchangerL
policy_logs_9vpolicy_logs_archivewpolicy_logs_exchangerxprocedure15_exchangericy_logs_24gpolicy_logs_25hpolicy_logs_26ipolicy_logs_27jpolicy_logs_28kpolicy_logs_29l
                                                                             y
                                                                              procedure20zprocedure_accreditation{procedure_agregate|procedure_commo

--------------------------------
[110 16 0 0 125 15 112 114 111 99 101 100 117 114 101 95 100 101 98 117 103 23 0 0 126 22 112 114 111 99 101 100 117 114 101 95 101 120 112 111 114 116 95 100 101 98 117 103 30 0 0 127 29 112 114 111 99 101 100 117 114 101 95 102 105 110 97 108 95 99 111 110 116 114 97 99 116 95 118 50 95 49 31 0 0 128 30 112 114 111 99 101 100 117 114 101 95 102 105 110 97 108 95 99 111 110 116 114 97 99 116 95 118 50 95 49 48 30 0 0 129 29 112 114 111 99 101 100 117 114 101 95 102 105 110 97 108 95 99 111 110 116 114 97 99 116 95 118 50 95 50 30 0 0 130 29 112 114 111 99 101 100 117 114 101 95 102 105 110 97 108 95 99 111 110 116 114 97 99 116 95 118 50 95 51 30 0 0 131 29 112 114 111 99 101 100 117 114 101 95 102 105 110 97 108 95 99 111 110 116 114 97 99 116 95 118 50 95 52 30 0 0 132 29 112 114 111 99 101 100 117 114 101 95 102 105 110 97 108 95 99 111 110 116 114 97 99 116 95 118 50 95 53 30 0 0 133 29 112 114 111 99 101 100 117 114 101 95 102 105 110 97 108 95 99 111 110 116 114 97 99 116 95 118 50 95 54 30 0 0 134 29 112 114 111 99 101 100 117 114 101 95 102 105 110 97 108 95 99 111 110 116 114 97 99 116 95 118 50 95 55 30 0 0 135 29 112 114 111 99 101 100 117 114 101 95 102 105 110 97 108 95 99 111 110 116 114 97 99 116 95 118 50 95 56 30 0 0 136 29 112 114 111 99 101 100 117 114 101 95 102 105 110 97 108 95 99 111 110 116 114 97 99 116 95 118 50 95 57 15 0 0 137 14 112 114 111 99 101 100 117 114 101 95 108 105 115 116 20 0 0 138 19 112 114 111 99 101 100 117 114 101 95 113 117 101 115 116 105 111 110 115 16 0 0 139 15 112 114 111 99 101 100 117 114 101 95 114 117 115 97 108 18 0 0 140 17 114 101 103 105 115 116 114 121 95 99 111 110 116 114 97 99 116 20 0 0 141 19 114 101 108 101 97 115 101 45 105 110 102 111 114 109 97 116 105 111 110 13 0 0 142 12 114 110 112 95 101 120 99 104 97 110 103 101 22 0 0 143 21 114 111 115 97 116 111 109 95 97 99 99 114 101 100 105 116 97 116 105 111 110 15 0 0 144 14 115 49 95 105 110 116 101 103 114 97 116 105 111 110 16 0 0 145 15 115 101 99 117 114 105 116 121 95 97 100 109 105 110 115 18 0 0 146 17 115 101 110 100 95 98 121 95 99 111 109 112 97 110 105 101 115 4 0 0 147 3 115 109 98 4 0 0 148 3 115 121 115 7 0 0 149 6 116 97 114 105 102 102 17 0 0 150 16 116 97 114 105 102 102 95 101 120 99 104 97 110 103 101 114 31 0 0 151 30 116 101 115 116 95 97 103 114 101 101 109 101 110 116 95 114 101 103 105 115 116 114 121 95 101 120 112 111 114 116 8 0 0 152 7 116 101 115 116 95 100 98 28 0 0 153 27 116 101 115 116 95 117 110 105 116 95 99 114 121 112 116 111 95 115 105 103 110 95 113 117 101 117 101 17 0 0 154 16 117 115 122 111 95 105 110 116 101 103 114 97 116 105 111 110 12 0 0 155 11 117 122 95 114 101 103 105 115 116 114 121 5 0 0 156 254 0 0 34 0]

--------------------------------
n}procedure_debug~procedure_export_debugprocedure_final_contract_v2_1?procedure_final_contract_v2_10?procedure_final_contract_v2_2?procedure_final_contract_v2_3?procedure_final_contract_v2_4?procedure_final_contract_v2_5?procedure_final_contract_v2_6?procedure_final_contract_v2_7?procedure_final_contract_v2_8?procedure_final_contract_v2_9?procedure_list?procedure_questions?procedure_rusal?registry_contrac??release-information
 rnp_exchange?rosatom_accreditation?s1_integration?security_admins?send_by_companies?smb?sys?tariff?tariff_exchanger?test_agreement_registry_expor?test_db?est_unit_crypto_sign_queue?uszo_integration
                                                                                                                                                                                                      ?
                                                                                                                                                                                                       uz_registry??"

--------------------------------





















CONNECT





[78 0 0 0 10 53 46 54 46 49 53 45 108 111 103 0 247 209 16 109 50 79 116 123 46 109 95 113 0 255 247 8 2 0 127 128 21 0 0 0 0 0 0 0 0 0 0 59 113 73 89 99 101 80 64 49 113 102 47 0 109 121 115 113 108 95 110 97 116 105 118 101 95 112 97 115 115 119 111 114 100 0]

--------------------------------
N
5.6.15-log??m2Ot{.m_q??;qIYceP@1qf/mysql_native_password

--------------------------------
[190 0 0 1 5 166 255 1 0 0 0 1 33 0 0 0 0 0 0 0 0 0 0 0 0 0 0 0 0 0 0 0 0 0 0 0 115 101 114 118 105 99 101 115 0 20 51 166 71 134 20 147 145 59 226 17 9 183 197 135 207 60 89 252 216 235 109 121 115 113 108 95 110 97 116 105 118 101 95 112 97 115 115 119 111 114 100 0 105 3 95 111 115 8 111 115 120 49 48 46 49 50 12 95 99 108 105 101 110 116 95 110 97 109 101 8 108 105 98 109 121 115 113 108 4 95 112 105 100 5 53 55 50 48 56 15 95 99 108 105 101 110 116 95 118 101 114 115 105 111 110 6 53 46 55 46 49 57 9 95 112 108 97 116 102 111 114 109 6 120 56 54 95 54 52 12 112 114 111 103 114 97 109 95 110 97 109 101 5 109 121 115 113 108]

--------------------------------
???!services3?G???;?	?Ň?<Y???mysql_native_passwordi_oosx10.12
                                                                _client_namlibmysql_pid57208_client_version5.7.19	_platformx86_64
                                                                                                                                       program_namemysql

--------------------------------
[7 0 0 2 0 0 0 2 0 0 0]

--------------------------------


--------------------------------
[33 0 0 0 3 115 101 108 101 99 116 32 64 64 118 101 114 115 105 111 110 95 99 111 109 109 101 110 116 32 108 105 109 105 116 32 49]

--------------------------------
!select @@version_comment limit 1

--------------------------------
2017/09/03 11:41:48 isQuery ID 10.12.5.5:58793@10.31.82.39:3306 select @@version_comment limit 1
[1 0 0 1 1 39 0 0 2 3 100 101 102 0 0 0 17 64 64 118 101 114 115 105 111 110 95 99 111 109 109 101 110 116 0 12 33 0 84 0 0 0 253 0 0 31 0 0 5 0 0 3 254 0 0 2 0 29 0 0 4 28 77 121 83 81 76 32 67 111 109 109 117 110 105 116 121 32 83 101 114 118 101 114 32 40 71 80 76 41 5 0 0 5 254 0 0 2 0]

--------------------------------
'def@@version_comment
                     !T??MySQL Community Server (GPL)?

--------------------------------















[29 0 0 0 3 115 101 108 101 99 116 32 42 32 102 114 111 109 32 97 100 109 105 110 115 32 108 105 109 105 116 32 50]

--------------------------------
select * from admins limit 2

--------------------------------
2017/09/03 11:42:54 isQuery ID 10.12.5.5:58793@10.31.82.39:3306 select * from admins limit 2
[29 0 0 0 3 115 101 108 101 99 116 32 42 32 102 114 111 109 32 97 100 109 105 110 115 32 108 105 109 105 116 32 50]

--------------------------------
select * from admins limit 2

--------------------------------
2017/09/03 11:42:54 isQuery ID 10.12.5.5:58793@10.31.82.39:3306 select * from admins limit 2
[1 0 0 1 3 55 0 0 2 3 100 101 102 5 97 100 109 105 110 6 97 100 109 105 110 115 6 97 100 109 105 110 115 8 97 100 109 105 110 95 105 100 8 97 100 109 105 110 95 105 100 12 63 0 11 0 0 0 3 3 80 0 0 0 47 0 0 3 3 100 101 102 5 97 100 109 105 110 6 97 100 109 105 110 115 6 97 100 109 105 110 115 4 100 97 116 97 4 100 97 116 97 12 33 0 253 255 2 0 252 17 16 0 0 0 61 0 0 4 3 100 101 102 5 97 100 109 105 110 6 97 100 109 105 110 115 6 97 100 109 105 110 115 11 100 97 116 101 95 117 112 100 97 116 101 11 100 97 116 101 95 117 112 100 97 116 101 12 63 0 19 0 0 0 7 129 36 0 0 0 5 0 0 5 254 0 0 34 0 34 1 0 6 3 54 48 57 252 7 1 123 34 100 97 116 97 34 58 123 34 97 100 109 105 110 95 105 100 34 58 54 48 57 44 34 108 111 103 105 110 34 58 34 102 97 98 114 105 107 97 110 116 34 44 34 108 97 115 116 95 110 97 109 101 34 58 34 208 144 208 178 208 176 208 186 208 190 208 178 34 44 34 102 105 114 115 116 95 110 97 109 101 34 58 34 208 146 208 176 208 187 209 140 209 130 208 181 209 128 34 44 34 109 105 100 95 110 97 109 101 34 58 34 208 146 208 176 208 179 208 176 208 189 208 190 208 178 208 184 209 135 34 44 34 101 109 97 105 108 34 58 34 119 97 108 116 101 114 64 102 97 98 114 105 107 97 110 116 46 114 117 34 44 34 112 104 111 110 101 34 58 34 34 44 34 98 105 114 116 104 100 97 121 95 100 97 116 101 34 58 110 117 108 108 44 34 106 111 105 110 101 100 95 100 97 116 101 34 58 110 117 108 108 44 34 115 116 97 116 117 115 34 58 49 44 34 100 97 116 101 95 117 112 100 97 116 101 100 34 58 34 50 48 49 54 45 48 56 45 50 57 32 49 49 58 53 55 58 53 54 34 125 125 19 50 48 49 54 45 48 56 45 50 57 32 49 50 58 48 48 58 48 49 24 1 0 7 3 54 49 48 252 253 0 123 34 100 97 116 97 34 58 123 34 97 100 109 105 110 95 105 100 34 58 54 49 48 44 34 108 111 103 105 110 34 58 34 112 101 116 114 34 44 34 108 97 115 116 95 110 97 109 101 34 58 34 208 169 209 131 209 135 208 186 208 184 208 189 34 44 34 102 105 114 115 116 95 110 97 109 101 34 58 34 208 159 209 145 209 130 209 128 34 44 34 109 105 100 95 110 97 109 101 34 58 34 208 157 208 184 208 186 208 190 208 187 208 176 208 181 208 178 208 184 209 135 34 44 34 101 109 97 105 108 34 58 34 112 101 116 114 64 116 114 105 117 109 118 105 114 97 116 46 114 117 34 44 34 112 104 111 110 101 34 58 34 34 44 34 98 105 114 116 104 100 97 121 95 100 97 116 101 34 58 110 117 108 108 44 34 106 111 105 110 101 100 95 100 97 116 101 34 58 110 117 108 108 44 34 115 116 97 116 117 115 34 58 49 44 34 100 97 116 101 95 117 112 100 97 116 101 100 34 58 34 50 48 49 54 45 48 56 45 50 57 32 49 49 58 53 55 58 53 54 34 125 125 19 50 48 49 54 45 48 56 45 50 57 32 49 50 58 48 48 58 48 49 5 0 0 8 254 0 0 34 0]

--------------------------------
7defadminadminsadminadmin_iadmin_id
                                   ?
                                    P/defadminadminsadminsdatadata
                                                                  !???=defadminadminsadmins
                                                                                           date_update
                                                                                                      date_update
                                                                                                                 ??$?""609?{"data":{"admin_id":609,"login":"fabrikant","last_name":"Аваков","first_name":"Вальтер","mid_name":"Ваганович","email":"walter@fabrikant.ru","phone":"","birthday_date":null,"joined_date":null,"status":1,"date_updated":"2016-08-29 11:57:56"}}2016-08-29 12:00:01610??{"data":{"admin_id":610,"login":"petr","last_name":"Щучкин","first_name":"Пётр","mid_name":"Николаевич","email":"petr@triumvirat.ru","phone":"","birthday_date":null,"joined_date":null,"status":1,"date_updated":"2016-08-29 11:57:56"}}2016-08-29 12:00:0?"

--------------------------------

















[12 0 0 0 3 115 104 111 119 32 116 97 98 108 101 115]

--------------------------------

show tables

--------------------------------
2017/09/03 11:42:39 isQuery ID 10.12.5.5:58793@10.31.82.39:3306 show tables
[12 0 0 0 3 115 104 111 119 32 116 97 98 108 101 115]

--------------------------------

show tables

--------------------------------
2017/09/03 11:42:39 isQuery ID 10.12.5.5:58793@10.31.82.39:3306 show tables
[1 0 0 1 1 87 0 0 2 3 100 101 102 18 105 110 102 111 114 109 97 116 105 111 110 95 115 99 104 101 109 97 11 84 65 66 76 69 95 78 65 77 69 83 11 84 65 66 76 69 95 78 65 77 69 83 15 84 97 98 108 101 115 95 105 110 95 97 100 109 105 110 10 84 65 66 76 69 95 78 65 77 69 12 33 0 192 0 0 0 253 1 0 0 0 0 5 0 0 3 254 0 0 34 0 7 0 0 4 6 97 100 109 105 110 115 14 0 0 5 13 97 116 116 114 95 112 114 105 111 114 105 116 121 13 0 0 6 12 97 117 116 104 95 99 104 97 110 103 101 115 18 0 0 7 17 97 117 116 104 95 108 97 115 116 95 114 101 113 117 101 115 116 11 0 0 8 10 99 97 116 101 103 111 114 105 101 115 9 0 0 9 8 99 111 117 110 116 101 114 115 10 0 0 10 9 102 105 114 109 95 116 97 103 115 6 0 0 11 5 102 105 114 109 115 14 0 0 12 13 102 105 114 109 115 95 116 97 103 115 95 49 48 15 0 0 13 14 102 105 114 109 115 95 116 97 103 115 95 49 48 95 31 0 0 14 30 105 110 102 111 99 97 114 116 95 99 111 109 112 97 110 121 95 103 114 111 117 112 115 95 101 118 101 110 116 115 22 0 0 15 21 111 114 100 101 114 115 95 112 114 105 111 114 105 116 121 95 117 110 105 116 115 5 0 0 16 254 0 0 34 0]

--------------------------------
Wdefinformation_schema
                      TABLE_NAMES
                                 TABLE_NAMESTables_in_admin
TABLE_NAME
attr_priority?"admins
auth_changesauth_last_request

categories	       counters

	firm_tags
                 firms
firms_tags_10_infocart_company_groups_eventsorders_priority_units?"

--------------------------------

